439205
6287
1176
1174
445675
17473
6057
6305
5810
6288
1123
439312
5988
1110
5281
5780
441432
5951
6998
33037
439184
439167
5779
827
1023
1049
10442
145742
1015
1005
1004
6140
13849
8158
6613
445638
985
7405
6262
445639
5283387
957
8221
5288725
440552
65065
11005
892
6137
13130
525
5962
6106
3893
612
151152
6306
440043
787
785
12647
208
453
10465
757
750
754
124886
5961
33032
5958
65533
64689
73563
441477
6857417
5459879
444972
440641
439394
439709
222285
8193
22841776
5862
588
9750
311
1081
5997
2969
102018
2526
239
243
5960
6267
51
92136
5950
196
6083
60961
190
439176
16069996
724
1662
64956
70
43
10787
13006
24699
14900
2682
23368901
